gamma = 1.5
kappa = 0.38112
m = 0.76225

